-430324 
-240250 
-140543 
-115915 
-95024 
-78862 
-74820 
-68142 
-60031 
-59673 
-57033 
-49516 
-50227 
-50237 
-45985 
-46426 
-40703 
-40665 
-39861 
-35985 
-37120 
-38583 
-34166 
-35408 
-30779 
-35147 
-29381 
-30587 
-32067 
-28327 
-28908 
-30968 
-26938 
-26307 
-28032 
-25945 
-26381 
-24611 
-25435 
-25196 
-26137 
-22025 
-25047 
-22686 
-24052 
-23778 
-22162 
-25108 
-22325 
-21436 
-23238 
-21549 
-21255 
-21984 
-20166 
-20517 
-23107 
-20846 
-21642 
-21222 
-21701 
-19063 
-19464 
-19196 
-18036 
-19254 
-17798 
-19273 
-18162 
-20120 
-17455 
-17842 
-17902 
-17337 
-16963 
-19457 
-16847 
-16693 
-17126 
-16035 
-16092 
-16178 
-17060 
-16511 
-16764 
-17228 
-16803 
-14871 
-16012 
-14307 
-15477 
-16048 
-15730 
-15469 
-15064 
-13613 
-15142 
-14796 
-14890 
-14453 
-14888 
-13984 
-13919 
-14552 
-14445 
-13903 
-13838 
-13837 
-12895 
-13622 
-14077 
-13676 
-14144 
-13264 
-13466 
-12894 
-12966 
-13465 
-12517 
-13286 
-12998 
-13012 
-13584 
-12269 
-13325 
-12653 
-13950 
-12495 
-12587 
-12385 
-12186 
-12710 
-12396 
-12358 
-12302 
-11736 
-12333 
-12750 
-11682 
-12410 
-12048 
-12175 
-11888 
-11226 
-11857 
-11762 
-11650 
-11083 
-11181 
-11467 
-11862 
-11553 
-11484 
-11324 
-11716 
-11262 
-11029 
-11282 
-11592 
-10602 
-10790 
-10898 
-10886 
-10535 
-10985 
-10136 
-10476 
-10026 
-10252 
-10833 
-11073 
-10435 
-9931 
-10797 
-10135 
-9738 
-10743 
-9494 
-9757 
-10285 
-9541 
-10274 
-9733 
-9775 
-10336 
-10136 
-9972 
-9901 
-9713 
-9473 
-9794 
-9367 
-9532 
-8995 
-9436 
-9713 
-9612 
-9946 
-9478 
-9562 
