430274 
240200 
140493 
115865 
94974 
78812 
74770 
68092 
59981 
59623 
56983 
49466 
50177 
50187 
45935 
46376 
40653 
40615 
39811 
35935 
37070 
38533 
34116 
35358 
30729 
35097 
29331 
30537 
32017 
28277 
28858 
30918 
26888 
26257 
27982 
25895 
26331 
24561 
25385 
25146 
26087 
21975 
24997 
22636 
24002 
23728 
22112 
25058 
22275 
21386 
23188 
21499 
21205 
21934 
20116 
20467 
23057 
20796 
21592 
21172 
21651 
19013 
19414 
19146 
17986 
19204 
17748 
19223 
18112 
20070 
17405 
17792 
17852 
17287 
16913 
19407 
16797 
16643 
17076 
15985 
16042 
16128 
17010 
16461 
16714 
17178 
16753 
14821 
15962 
14257 
15427 
15998 
15680 
15419 
15014 
13563 
15092 
14746 
14840 
14403 
14838 
13934 
13869 
14502 
14395 
13853 
13788 
13787 
12845 
13572 
14027 
13626 
14094 
13214 
13416 
12844 
12916 
13415 
12467 
13236 
12948 
12962 
13534 
12219 
13275 
12603 
13900 
12445 
12537 
12335 
12136 
12660 
12346 
12308 
12252 
11686 
12283 
12700 
11632 
12360 
11998 
12125 
11838 
11176 
11807 
11712 
11600 
11033 
11131 
11417 
11812 
11503 
11434 
11274 
11666 
11212 
10979 
11232 
11542 
10552 
10740 
10848 
10836 
10485 
10935 
10086 
10426 
9976 
10202 
10783 
11023 
10385 
9881 
10747 
10085 
9688 
10693 
9444 
9707 
10235 
9491 
10224 
9683 
9725 
10286 
10086 
9922 
9851 
9663 
9423 
9744 
9317 
9482 
8945 
9386 
9663 
9562 
9896 
9428 
9512 
